103
3010 9513 2371
8738 4943 4511
5402 8264 5097
2976 6785 3742
3672 2798 3223
5649 6648 8050
6020 4878 2870
4257 3479 5999
8610 1970 6752
8285 5257 866
9723 8873 8061
272 5533 2672
8268 7796 5155
5343 5892 6390
5046 9802 4929
7791 6869 5377
5111 8623 8645
7834 1352 4553
2904 5624 7925
994 8675 5718
7687 8364 9161
2669 562 8559
7089 5100 8073
9579 4966 9156
5897 4892 7865
5034 1423 6531
3318 7219 8508
7127 1051 4754
1065 9239 9850
6119 244 2476
7001 4677 725
3630 9471 2751
1030 7782 6014
9937 3765 9268
5780 4166 5309
1503 1381 6843
4961 9848 5052
8643 9389 3738
57 5089 965
202 9612 7581
2305 3195 6122
9981 8995 8616
8527 2863 8183
9620 2854 9421
3600 6110 2364
6441 1124 4735
4234 7968 3248
3996 149 6265
7838 3476 8137
2507 9792 2288
4612 9330 6046
2935 4291 8737
5057 4651 3092
8718 5459 5528
5544 1615 8165
8645 4720 6488
9012 1555 8715
9640 3716 3025
2814 1097 3044
2929 9331 8652
1955 3806 1915
6842 354 2657
6841 8414 3250
2668 4579 2287
4038 3515 3492
6470 3340 9683
4244 9860 1319
7253 1510 5772
6481 1492 2889
3167 2522 7990
9167 2555 9317
8246 5132 373
1884 4728 2255
33 5237 9920
7443 7677 6953
1516 1154 2703
374 3887 8924
2394 3912 9458
8846 6448 4689
6768 5841 421
5383 2138 312
936 5154 8549
5233 2742 6390
3869 8885 7878
3409 5055 4058
222 4872 1299
6349 2168 451
3315 8761 4005
8618 4512 2461
1209 5063 6390
5319 1799 4957
6939 7567 4863
3305 9874 5695
3124 7426 8913
921 5836 2170
9111 990 2719
7011 5330 2374
3840 5035 1843
2664 6036 1881
6600 2007 7573
3948 7890 1924
1959 5879 9807
3120 2885 4549
